-85.676631_30.19231_50cm.png 0.0016867 -0.0145982 0.0186172
-85.681132_30.190301_50cm.png 0.0087028 -0.0079154 0.0265080
-85.622627_30.172847_50cm.png 0.0180954 -0.0168371 0.0232135
-85.665516_30.201612_50cm.png 0.0031881 -0.0200619 0.0232030
-85.700234_30.188555_50cm.png 0.0052810 -0.0241688 0.0167644
-85.663491_30.164095_50cm.png -0.0018761 -0.0052192 0.0271222
-85.641076_30.093823_50cm.png 0.0196297 -0.0392952 0.0265283
-85.626825_30.2053_50cm.png 0.0261674 -0.0146020 0.0195605
-85.611482_30.197053_50cm.png 0.0090566 -0.0188056 0.0168617
-85.676644_30.194104_50cm.png 0.0072768 -0.0139694 0.0218222
-85.720273_30.190179_50cm.png 0.0191430 -0.0122016 0.0220026
-85.623282_30.180441_50cm.png -0.0000008 0.0058012 0.0246837
-85.641035_30.269758_50cm.png 0.0134877 -0.0164267 0.0167892
-85.677335_30.189387_50cm.png 0.0084485 -0.0176902 0.0274813
-85.616865_30.149775_50cm.png 0.0063827 -0.0177845 0.0190750
-85.686228_30.16787_50cm.png -0.0007685 -0.0080353 0.0279179
-85.622787_30.219283_50cm.png 0.0255452 -0.0294461 0.0314066
-85.617952_30.231357_50cm.png 0.0167979 -0.0016213 0.0288665
-85.623446_30.149363_50cm.png 0.0096423 -0.0111590 0.0205532
-85.632067_30.151007_50cm.png -0.0001609 -0.0097212 0.0214635
-85.611038_30.162568_50cm.png 0.0135014 0.0006926 0.0235161
-85.637725_30.102474_50cm.png 0.0169479 -0.0198687 0.0107707
-85.626718_30.206163_50cm.png 0.0187924 -0.0271928 0.0234501
-85.641328_30.232268_50cm.png -0.0041929 -0.0279899 0.0250937
-85.640628_30.097208_50cm.png 0.0284493 -0.0063959 0.0131491
-85.65551_30.211603_50cm.png 0.0117899 -0.0041599 0.0213152
-85.622424_30.18178_50cm.png 0.0066930 -0.0134265 0.0126265
-85.622538_30.179692_50cm.png 0.0082648 -0.0084379 0.0126430
-85.658169_30.155026_50cm.png 0.0032594 -0.0143322 0.0197684
-85.613356_30.251441_50cm.png 0.0108638 -0.0132050 0.0342855
-85.652725_30.219064_50cm.png 0.0081729 -0.0111060 0.0310529
-85.655133_30.206764_50cm.png 0.0038745 -0.0208739 0.0176165
-85.647289_30.219242_50cm.png 0.0065529 -0.0076062 0.0281550
-85.615772_30.190081_50cm.png 0.0042558 -0.0056135 0.0308255
-85.647727_30.163251_50cm.png 0.0122853 -0.0080170 0.0266322
-85.663303_30.238335_50cm.png -0.0068603 -0.0277911 0.0093111
-85.651884_30.21949_50cm.png -0.0125526 -0.0128037 0.0244207
-85.651626_30.162934_50cm.png -0.0005949 -0.0130908 0.0228432
-85.6433_30.188443_50cm.png 0.0035961 -0.0126296 0.0278319
-85.623788_30.155928_50cm.png -0.0040391 -0.0104714 0.0156874
-85.652552_30.210886_50cm.png 0.0101534 -0.0197876 0.0265814
-85.655422_30.109892_50cm.png 0.0115704 -0.0108162 0.0337709
-85.633848_30.163134_50cm.png 0.0002676 -0.0134696 0.0203009
-85.616773_30.166507_50cm.png 0.0050312 -0.0164268 0.0193898
-85.713865_30.197042_50cm.png 0.0089864 -0.0062829 0.0230139
-85.63727_30.141001_50cm.png 0.0103447 -0.0005022 0.0360969
-85.626269_30.164284_50cm.png 0.0095646 -0.0182761 0.0267795
-85.64664_30.154145_50cm.png -0.0033474 -0.0024340 0.0218676
-85.667283_30.223059_50cm.png 0.0034597 -0.0277174 0.0121051
-85.632135_30.149805_50cm.png 0.0073835 -0.0132983 0.0268932
-85.680632_30.190056_50cm.png 0.0057954 -0.0075487 0.0299874
-85.660899_30.197087_50cm.png 0.0052513 -0.0224123 0.0113662
-85.662759_30.167629_50cm.png -0.0045240 -0.0191418 0.0187785
-85.647789_30.141326_50cm.png 0.0140467 -0.0022659 0.0312073
-85.641265_30.22938_50cm.png 0.0001890 -0.0190777 0.0126470
-85.661673_30.163039_50cm.png -0.0146897 -0.0224376 0.0221630
-85.618568_30.18092_50cm.png 0.0145227 -0.0281968 0.0163786
-85.667301_30.220693_50cm.png 0.0065788 -0.0227470 0.0198304
-85.616817_30.193971_50cm.png 0.0060856 -0.0211962 0.0257377
-85.700941_30.183672_50cm.png -0.0132594 -0.0156497 0.0122880
-85.621681_30.177504_50cm.png 0.0056662 -0.0197431 0.0170655
-85.64297_30.207125_50cm.png 0.0126876 -0.0112351 0.0306602
-85.64134_30.097263_50cm.png 0.0246830 -0.0217324 0.0106108
-85.627882_30.216331_50cm.png 0.0157627 -0.0164144 0.0231023
-85.752997_30.194295_50cm.png 0.0162349 -0.0271102 0.0204044
-85.680788_30.198494_50cm.png 0.0070447 -0.0062352 0.0281517
-85.652601_30.16446_50cm.png 0.0105343 -0.0126801 0.0221417
-85.631215_30.284789_50cm.png -0.0062187 -0.0272514 0.0160370
-85.686744_30.167188_50cm.png 0.0085796 -0.0070252 0.0227038
-85.657469_30.290839_50cm.png 0.0035454 -0.0112162 0.0225532
-85.637075_30.160595_50cm.png 0.0076836 -0.0093555 0.0203339
-85.662824_30.206171_50cm.png 0.0066088 -0.0314679 0.0081993
-85.666572_30.224363_50cm.png 0.0047042 -0.0204739 0.0169757
-85.620963_30.21136_50cm.png 0.0084907 -0.0330500 0.0391431
-85.662136_30.177377_50cm.png -0.0051328 -0.0176041 0.0103871
-85.617036_30.227274_50cm.png 0.0033059 -0.0197319 0.0189488
-85.6228_30.218789_50cm.png 0.0203384 -0.0155927 0.0249553
-85.651104_30.1068_50cm.png 0.0180274 -0.0309275 0.0180971
-85.637434_30.143811_50cm.png 0.0066325 -0.0159139 0.0185848
-85.646816_30.218822_50cm.png 0.0175846 -0.0089959 0.0295302
-85.663218_30.168641_50cm.png -0.0067862 -0.0104795 0.0238752
-85.651755_30.278822_50cm.png -0.0063428 -0.0023009 0.0356568
-85.623493_30.176298_50cm.png 0.0094153 -0.0084236 0.0270921
-85.667382_30.164899_50cm.png 0.0082815 -0.0121499 0.0196592
-85.645846_30.232709_50cm.png 0.0101849 -0.0119272 0.0229043
-85.636477_30.160599_50cm.png -0.0009753 -0.0157055 0.0185460
-85.618736_30.149789_50cm.png 0.0041823 -0.0047568 0.0200090
-85.61905_30.155797_50cm.png 0.0057913 -0.0233885 0.0118364
-85.617429_30.321243_50cm.png 0.0093531 -0.0258910 0.0169747
-85.627531_30.205314_50cm.png 0.0201510 -0.0186398 0.0213661
-85.631629_30.159573_50cm.png 0.0030967 -0.0063772 0.0315485
-85.616256_30.189448_50cm.png 0.0041514 -0.0070267 0.0295572
-85.676741_30.193631_50cm.png 0.0079409 -0.0240831 0.0210842
-85.636333_30.160582_50cm.png 0.0040096 -0.0094231 0.0200747
-85.680103_30.220143_50cm.png -0.0012251 -0.0126108 0.0128100
-85.64366_30.169088_50cm.png 0.0034072 -0.0040029 0.0327994
-85.648033_30.192983_50cm.png 0.0078007 -0.0211451 0.0116913
-85.622125_30.140177_50cm.png 0.0141176 -0.0140658 0.0309731
-85.631474_30.155652_50cm.png 0.0061846 -0.0013023 0.0273971
-85.655711_30.207609_50cm.png 0.0256770 -0.0234207 0.0147516
-85.676773_30.193455_50cm.png 0.0094026 -0.0196624 0.0256318
-85.642071_30.229377_50cm.png 0.0039773 -0.0144888 0.0180492
-85.646316_30.145143_50cm.png 0.0166188 -0.0202760 0.0247286
-85.640296_30.229252_50cm.png 0.0006930 -0.0237484 0.0195673
-85.686706_30.19288_50cm.png 0.0225438 -0.0167395 0.0216961
-85.637311_30.143879_50cm.png 0.0050216 -0.0097022 0.0262631
-85.623206_30.162763_50cm.png 0.0084453 -0.0135181 0.0253789
-85.644939_30.223776_50cm.png 0.0025439 -0.0199261 0.0300265
-85.633769_30.151502_50cm.png -0.0000988 0.0021079 0.0288910
-85.627293_30.206605_50cm.png 0.0156849 -0.0240432 0.0240321
-85.63387_30.162801_50cm.png -0.0000390 -0.0114951 0.0240698
-85.636982_30.144141_50cm.png 0.0064056 -0.0142470 0.0250430
-85.639976_30.231842_50cm.png -0.0030004 -0.0280126 0.0224487
-85.629071_30.150246_50cm.png 0.0088810 -0.0025318 0.0179847
-85.753377_30.194567_50cm.png 0.0262554 -0.0216111 0.0177498
-85.626192_30.21427_50cm.png 0.0165612 -0.0221210 0.0239441
-85.665442_30.19023_50cm.png 0.0087455 -0.0215665 0.0236374
-85.704491_30.185568_50cm.png 0.0111194 -0.0004483 0.0183626
-85.65242_30.143646_50cm.png 0.0165076 0.0185144 0.0344489
-85.646789_30.268181_50cm.png 0.0075163 -0.0096581 0.0312008
-85.650442_30.198311_50cm.png 0.0094462 -0.0135598 0.0181530
-85.657165_30.169374_50cm.png 0.0030711 -0.0120048 0.0134725
-85.680454_30.188706_50cm.png -0.0080608 -0.0037175 0.0203991
-85.657806_30.210967_50cm.png 0.0001082 -0.0174420 0.0232556
-85.620966_30.193835_50cm.png 0.0132703 -0.0197373 0.0202806
-85.648612_30.151385_50cm.png -0.0005082 0.0009339 0.0195029
-85.641048_30.195171_50cm.png 0.0175772 -0.0038202 0.0259954
-85.622215_30.179661_50cm.png 0.0090101 -0.0094084 0.0149409
-85.623398_30.180678_50cm.png 0.0005439 0.0009595 0.0197984
-85.623358_30.151184_50cm.png -0.0019103 -0.0182502 0.0212697
-85.655223_30.201913_50cm.png 0.0153862 -0.0014378 0.0325624
-85.681918_30.193705_50cm.png 0.0092943 -0.0216821 0.0149515
-85.656653_30.211626_50cm.png 0.0107687 -0.0035135 0.0250635
-85.615725_30.321313_50cm.png 0.0150810 -0.0132321 0.0222801
-85.616822_30.321422_50cm.png 0.0104541 -0.0201201 0.0157320
-85.69151_30.166719_50cm.png 0.0164663 -0.0082018 0.0299564
-85.628617_30.172689_50cm.png 0.0120700 -0.0018998 0.0199648
-85.632613_30.227972_50cm.png 0.0158493 -0.0217652 0.0199872
-85.682529_30.192284_50cm.png 0.0082977 -0.0222143 0.0135534
-85.670704_30.173763_50cm.png 0.0081534 -0.0116408 0.0271501
-85.617749_30.194774_50cm.png 0.0097510 -0.0259845 0.0171437
-85.62772_30.214798_50cm.png 0.0131448 -0.0117964 0.0116329
-85.622125_30.194638_50cm.png 0.0028128 -0.0225769 0.0147352
-85.640957_30.102041_50cm.png 0.0031475 -0.0094250 0.0148423
-85.622979_30.287166_50cm.png 0.0108884 -0.0038368 0.0249632
-85.63332_30.154426_50cm.png 0.0138053 -0.0122862 0.0258389
-85.623261_30.167162_50cm.png -0.0036664 -0.0083262 0.0180581
-85.622766_30.155108_50cm.png 0.0030261 -0.0089580 0.0218204
-85.650923_30.220018_50cm.png -0.0072904 -0.0211673 0.0022996
-85.652694_30.220886_50cm.png 0.0031707 -0.0233223 0.0228192
-85.773229_30.173403_50cm.png 0.0067224 -0.0253053 0.0139313
-85.665729_30.223839_50cm.png 0.0160279 -0.0158637 0.0134328
-85.636088_30.225181_50cm.png -0.0056212 -0.0247438 0.0193693
-85.616986_30.155515_50cm.png 0.0081137 -0.0153701 0.0261975
-85.652708_30.162699_50cm.png 0.0010103 -0.0123454 0.0170429
-85.65588_30.290031_50cm.png 0.0144997 -0.0114828 0.0263052
-85.631547_30.163772_50cm.png 0.0036691 -0.0080485 0.0180397
-85.623964_30.151471_50cm.png -0.0039391 -0.0163284 0.0269906
-85.681997_30.19015_50cm.png 0.0099121 -0.0113407 0.0288712
-85.646345_30.19297_50cm.png 0.0057738 -0.0091147 0.0139098
-85.622209_30.180899_50cm.png 0.0032818 -0.0080201 0.0146657
-85.650483_30.220434_50cm.png -0.0002795 -0.0271327 0.0024976
-85.656242_30.29359_50cm.png 0.0101041 -0.0010033 0.0284817
-85.646018_30.136436_50cm.png 0.0151706 -0.0038799 0.0273731
-85.62718_30.215246_50cm.png 0.0198537 -0.0216206 0.0169001
-85.617342_30.193922_50cm.png 0.0065860 -0.0260651 0.0228487
-85.648192_30.15074_50cm.png 0.0042103 -0.0186080 0.0229170
-85.647735_30.092608_50cm.png 0.0170023 0.0050820 0.0335362
-85.65293_30.155508_50cm.png 0.0036367 0.0011162 0.0281127
-85.687796_30.202275_50cm.png 0.0129588 -0.0195584 0.0228532
-85.651447_30.16295_50cm.png 0.0037072 -0.0128461 0.0265951
-85.632558_30.22848_50cm.png 0.0111313 -0.0237728 0.0223460
-85.657519_30.211534_50cm.png 0.0081948 -0.0224305 0.0230698
-85.643632_30.168919_50cm.png 0.0087120 -0.0070254 0.0331078
-85.652976_30.210811_50cm.png 0.0049431 -0.0244074 0.0225423
-85.628546_30.154675_50cm.png 0.0030386 -0.0053544 0.0303369
-85.643295_30.149749_50cm.png 0.0051037 -0.0087375 0.0253558
-85.699475_30.183888_50cm.png 0.0036939 -0.0095805 0.0186727
-85.674908_30.219367_50cm.png 0.0151420 -0.0115041 0.0220402
-85.687831_30.194702_50cm.png 0.0104401 -0.0314248 0.0167457
-85.6632_30.188825_50cm.png 0.0136595 -0.0225093 0.0286150
-85.632303_30.209797_50cm.png 0.0138293 -0.0107309 0.0217679
-85.663313_30.23887_50cm.png -0.0002193 -0.0232357 0.0117159
-85.62603_30.159049_50cm.png 0.0054580 -0.0134578 0.0232361
-85.652681_30.154837_50cm.png 0.0054567 0.0063265 0.0276571
-85.647117_30.135537_50cm.png 0.0252307 -0.0143806 0.0342667
-85.667077_30.198498_50cm.png 0.0069186 -0.0150176 0.0182415
-85.647464_30.203667_50cm.png 0.0043045 -0.0264659 0.0092938
-85.66227_30.168742_50cm.png -0.0099976 -0.0110494 0.0130110
-85.646895_30.233477_50cm.png 0.0137154 -0.0139344 0.0242426
-85.638756_30.164825_50cm.png 0.0012883 -0.0084169 0.0189496
-85.698728_30.188755_50cm.png 0.0023868 -0.0227322 0.0136799
-85.650485_30.186285_50cm.png 0.0043074 -0.0154109 0.0212287
-85.617734_30.15596_50cm.png 0.0026105 -0.0126432 0.0280213
-85.647231_30.175416_50cm.png -0.0032112 -0.0194097 0.0141315
-85.656232_30.290096_50cm.png 0.0085166 -0.0109055 0.0236097
-85.633035_30.162562_50cm.png 0.0049037 -0.0144417 0.0234425
-85.641091_30.198475_50cm.png 0.0036200 -0.0064266 0.0238188
-85.65312_30.173591_50cm.png 0.0153594 -0.0179938 0.0250908
-85.61186_30.237991_50cm.png 0.0101728 -0.0173556 0.0262858
-85.612743_30.198859_50cm.png 0.0108492 -0.0208106 0.0217876
-85.622847_30.177054_50cm.png 0.0030605 -0.0183776 0.0116081
-85.680446_30.193724_50cm.png 0.0137379 -0.0074311 0.0146549
-85.680558_30.188145_50cm.png -0.0034495 -0.0123670 0.0095536
-85.64349_30.172943_50cm.png 0.0119504 -0.0027457 0.0269335
-85.637738_30.231744_50cm.png 0.0048334 -0.0312273 0.0231443
-85.665324_30.22357_50cm.png 0.0134905 -0.0076038 0.0178263
-85.64841_30.164187_50cm.png 0.0114313 -0.0183125 0.0202627
-85.661238_30.19802_50cm.png 0.0133322 -0.0183926 0.0252822
-85.643557_30.150369_50cm.png 0.0043316 -0.0194563 0.0199733
-85.645894_30.26857_50cm.png 0.0175167 -0.0062765 0.0243820
-85.626784_30.115267_50cm.png 0.0335656 -0.0032036 0.0376608
-85.696278_30.183891_50cm.png -0.0043233 -0.0086950 0.0177989
-85.647928_30.154211_50cm.png 0.0042446 -0.0014825 0.0269861
-85.681023_30.185013_50cm.png 0.0138803 -0.0153469 0.0281367
-85.686181_30.201748_50cm.png 0.0088011 -0.0162095 0.0194967
-85.647326_30.15072_50cm.png 0.0014101 -0.0153606 0.0245182
-85.686742_30.167798_50cm.png -0.0022627 -0.0126535 0.0294255
-85.655232_30.206035_50cm.png 0.0002427 -0.0214231 0.0082492
-85.660432_30.208025_50cm.png 0.0137475 -0.0113460 0.0241991
-85.687159_30.168744_50cm.png -0.0042153 -0.0050208 0.0211037
-85.636212_30.158775_50cm.png 0.0047551 -0.0027660 0.0194062
-85.660108_30.199555_50cm.png 0.0102508 -0.0219918 0.0197519
-85.618373_30.19731_50cm.png 0.0061606 -0.0291005 0.0127705
-85.621686_30.155479_50cm.png 0.0031052 -0.0189225 0.0155758
-85.661247_30.162914_50cm.png -0.0050142 -0.0177312 0.0215442
-85.627587_30.185704_50cm.png 0.0007891 -0.0041821 0.0189861
-85.65562_30.190223_50cm.png 0.0123682 -0.0282236 0.0227040
-85.616239_30.18931_50cm.png 0.0074787 -0.0054175 0.0230090
-85.691721_30.166695_50cm.png 0.0072397 -0.0102862 0.0256892
-85.698805_30.185559_50cm.png 0.0115139 -0.0112878 0.0153945
-85.764666_30.195104_50cm.png 0.0190092 -0.0299248 0.0013851
-85.677714_30.189516_50cm.png 0.0065806 -0.0243885 0.0176287
-85.620367_30.311806_50cm.png 0.0098097 -0.0128798 0.0176293
-85.611999_30.243793_50cm.png 0.0186427 -0.0155523 0.0215099
-85.65195_30.159006_50cm.png 0.0084056 -0.0172410 0.0247517
-85.637782_30.233156_50cm.png -0.0086825 -0.0202499 0.0175642
-85.765982_30.168444_50cm.png 0.0103507 -0.0185482 0.0291898
-85.729015_30.160384_50cm.png 0.0157604 -0.0236972 0.0268601
-85.666192_30.220291_50cm.png 0.0059101 -0.0018405 0.0183599
-85.627071_30.185949_50cm.png 0.0047603 -0.0084575 0.0290358
-85.643498_30.149672_50cm.png 0.0047585 -0.0117215 0.0212877
-85.620871_30.210505_50cm.png 0.0123948 -0.0351311 0.0198776
-85.616058_30.190106_50cm.png 0.0065634 -0.0085700 0.0221973
-85.652116_30.206146_50cm.png -0.0021786 -0.0180237 0.0129999
-85.622453_30.151683_50cm.png 0.0074588 -0.0264354 0.0154267
-85.625777_30.206381_50cm.png 0.0160321 -0.0200027 0.0223416
-85.725684_30.162459_50cm.png 0.0061950 -0.0033984 0.0288659
-85.703881_30.177502_50cm.png 0.0078427 -0.0129739 0.0183222
-85.616225_30.189752_50cm.png 0.0055226 -0.0056289 0.0242955
-85.65783_30.210179_50cm.png -0.0070574 -0.0187955 0.0287018
-85.660097_30.232243_50cm.png 0.0099503 -0.0244226 0.0193020
-85.648129_30.097371_50cm.png 0.0184505 -0.0160983 0.0252129
-85.696521_30.185525_50cm.png 0.0034153 -0.0140901 0.0198829
-85.685626_30.168267_50cm.png 0.0041589 -0.0009564 0.0220548
-85.613294_30.101251_50cm.png 0.0189055 -0.0007999 0.0316732
-85.626445_30.153895_50cm.png -0.0013030 -0.0134052 0.0210405
-85.638041_30.100677_50cm.png 0.0063970 -0.0188906 0.0245352
-85.656939_30.21162_50cm.png 0.0124993 -0.0077539 0.0270302
-85.655392_30.273143_50cm.png 0.0145284 0.0045112 0.0225838
-85.632468_30.22892_50cm.png 0.0119418 -0.0237055 0.0320077
-85.633011_30.151267_50cm.png 0.0006428 -0.0094100 0.0202090
-85.656917_30.289486_50cm.png 0.0047493 -0.0073681 0.0234998
-85.64765_30.164964_50cm.png 0.0086872 -0.0159335 0.0282211
-85.627863_30.18591_50cm.png 0.0103587 -0.0057916 0.0290631
-85.612878_30.163363_50cm.png 0.0098880 -0.0028752 0.0257647
-85.637033_30.145182_50cm.png 0.0078988 -0.0079466 0.0318068
-85.625894_30.215845_50cm.png 0.0070073 -0.0277714 0.0220078
-85.637734_30.159964_50cm.png 0.0093303 -0.0064426 0.0241930
-85.652251_30.207584_50cm.png 0.0052969 -0.0193782 0.0200889
-85.612735_30.289622_50cm.png -0.0009047 -0.0367119 0.0264832
-85.645736_30.231766_50cm.png 0.0079549 -0.0082592 0.0277909
-85.650406_30.206586_50cm.png 0.0049718 -0.0210178 0.0123737
-85.632382_30.155667_50cm.png 0.0089089 -0.0014553 0.0244812
-85.646431_30.164578_50cm.png 0.0125318 -0.0039600 0.0212035
-85.705771_30.181055_50cm.png 0.0047140 -0.0226167 0.0168446
-85.661235_30.198514_50cm.png 0.0137412 -0.0132581 0.0254709
-85.724514_30.150445_50cm.png 0.0203946 -0.0259225 0.0174122
-85.615925_30.18952_50cm.png 0.0065582 -0.0087376 0.0275309
-85.647345_30.16263_50cm.png 0.0124084 -0.0019403 0.0265711
-85.628722_30.155609_50cm.png -0.0004867 -0.0007456 0.0230350
-85.665561_30.207193_50cm.png 0.0077096 -0.0276138 0.0290988
-85.617058_30.149577_50cm.png 0.0062788 -0.0094416 0.0189228
-85.645902_30.194027_50cm.png 0.0095496 -0.0077188 0.0205815
-85.613549_30.176204_50cm.png 0.0114759 -0.0107815 0.0300491
-85.643609_30.152012_50cm.png 0.0206163 -0.0296285 0.0101129
-85.725899_30.150873_50cm.png 0.0098509 -0.0238503 0.0241888
-85.662916_30.198376_50cm.png -0.0060983 -0.0162662 0.0144028
-85.657934_30.202441_50cm.png 0.0084667 -0.0159735 0.0177437
-85.774729_30.173555_50cm.png 0.0022985 -0.0227374 0.0108620
-85.61736_30.15098_50cm.png 0.0011412 -0.0133323 0.0174460
-85.612618_30.164435_50cm.png 0.0102286 -0.0052177 0.0193738
-85.650662_30.171185_50cm.png -0.0019017 -0.0205290 0.0191916
-85.621567_30.181425_50cm.png 0.0142077 -0.0127421 0.0187049
-85.626258_30.21881_50cm.png 0.0071841 -0.0219630 0.0164337
-85.611486_30.176454_50cm.png 0.0095706 -0.0152686 0.0208753
-85.665869_30.202503_50cm.png 0.0081657 -0.0293261 0.0122064
-85.650922_30.220645_50cm.png -0.0073955 -0.0261791 0.0090155
-85.635636_30.198105_50cm.png 0.0111125 -0.0129766 0.0171529
-85.636421_30.164297_50cm.png 0.0097257 -0.0114526 0.0253284
-85.616982_30.150983_50cm.png 0.0021652 -0.0191306 0.0150978
-85.643639_30.168436_50cm.png 0.0028941 -0.0159667 0.0335223
-85.641353_30.102298_50cm.png 0.0039236 -0.0183217 0.0164138
-85.625891_30.205401_50cm.png 0.0193290 -0.0136076 0.0178752
-85.655476_30.109692_50cm.png 0.0154762 -0.0125030 0.0290133
-85.64061_30.102614_50cm.png 0.0145940 -0.0178917 0.0177802
-85.61612_30.15468_50cm.png 0.0011438 -0.0108672 0.0058197
-85.645406_30.137435_50cm.png 0.0183612 -0.0057365 0.0304104
-85.653041_30.286787_50cm.png 0.0134465 -0.0148792 0.0239416
-85.627101_30.159014_50cm.png 0.0130230 -0.0075127 0.0293073
-85.622229_30.151297_50cm.png 0.0086538 -0.0222701 0.0114209
-85.641314_30.093525_50cm.png 0.0162730 -0.0359832 0.0216553
-85.617378_30.168797_50cm.png 0.0126995 -0.0080563 0.0246996
-85.628293_30.151021_50cm.png 0.0139712 -0.0064303 0.0247206
-85.705254_30.185737_50cm.png 0.0012756 -0.0012011 0.0147492
-85.64215_30.227092_50cm.png -0.0045178 -0.0198214 0.0119218
-85.662379_30.164945_50cm.png -0.0148966 -0.0149174 0.0261671
-85.652975_30.110777_50cm.png 0.0154287 -0.0396244 0.0227292
-85.641298_30.162963_50cm.png 0.0099736 -0.0098319 0.0203536
-85.616887_30.193739_50cm.png 0.0094340 -0.0253691 0.0294800
-85.655914_30.20795_50cm.png 0.0230568 -0.0198678 0.0164443
-85.622773_30.16396_50cm.png 0.0093515 -0.0067646 0.0258546
-85.698661_30.179622_50cm.png -0.0035247 -0.0121972 0.0307729
-85.64691_30.154752_50cm.png 0.0028309 -0.0154534 0.0211690
-85.616968_30.151114_50cm.png 0.0065437 -0.0164108 0.0167059
-85.68035_30.183633_50cm.png 0.0077107 -0.0233183 0.0193394
-85.628714_30.155132_50cm.png 0.0030946 -0.0044800 0.0271483
-85.611932_30.303166_50cm.png 0.0123399 -0.0286041 0.0211119
-85.616051_30.167031_50cm.png -0.0039612 -0.0164710 0.0212180
-85.655846_30.203877_50cm.png 0.0076216 -0.0144880 0.0236250
-85.641157_30.149993_50cm.png 0.0074721 -0.0079601 0.0310539
-85.627765_30.215264_50cm.png 0.0164352 -0.0126108 0.0258459
-85.760776_30.177022_50cm.png 0.0012466 -0.0233190 0.0042895
-85.631541_30.237781_50cm.png 0.0065503 0.0024149 0.0335677
-85.680541_30.185268_50cm.png 0.0146258 -0.0135961 0.0273843
-85.622225_30.181779_50cm.png 0.0087754 -0.0060800 0.0131474
-85.633074_30.163364_50cm.png -0.0022962 -0.0063380 0.0201392
-85.612354_30.237996_50cm.png 0.0110239 -0.0191834 0.0263961
-85.665534_30.203728_50cm.png 0.0116604 -0.0277522 0.0331659
-85.635589_30.143533_50cm.png 0.0063184 -0.0079523 0.0298829
-85.617594_30.154619_50cm.png 0.0039791 -0.0195918 0.0191301
-85.6256_30.216334_50cm.png 0.0001620 -0.0189920 0.0181867
-85.61679_30.19476_50cm.png 0.0077982 -0.0233084 0.0163530
-85.645694_30.269949_50cm.png 0.0192840 -0.0100900 0.0277396
-85.768473_30.177523_50cm.png 0.0013881 -0.0176177 0.0271967
-85.637121_30.231878_50cm.png 0.0162888 -0.0283796 0.0182991
-85.62263_30.181247_50cm.png 0.0064579 -0.0027947 0.0131454
-85.658501_30.25203_50cm.png 0.0045843 -0.0094734 0.0114949
-85.64776_30.141606_50cm.png 0.0103194 -0.0026701 0.0320279
-85.638243_30.171706_50cm.png 0.0063974 -0.0044777 0.0269108
-85.661496_30.251909_50cm.png 0.0005867 -0.0216506 0.0169583
-85.681427_30.18966_50cm.png -0.0057660 -0.0060884 0.0154786
-85.628246_30.186124_50cm.png 0.0193247 -0.0040920 0.0253835
-85.663135_30.17689_50cm.png -0.0032700 -0.0106333 0.0180490
-85.658055_30.155365_50cm.png 0.0023086 -0.0118582 0.0285034
-85.661688_30.197163_50cm.png 0.0035955 -0.0246971 0.0064184
-85.66663_30.220954_50cm.png 0.0015062 -0.0108769 0.0145723
-85.680262_30.192585_50cm.png 0.0031255 -0.0180956 0.0177040
-85.682502_30.193737_50cm.png 0.0099776 -0.0262016 0.0149919
-85.75436_30.193031_50cm.png 0.0162397 -0.0122950 0.0186213
-85.612823_30.198186_50cm.png 0.0160481 -0.0090884 0.0102270
-85.621711_30.177665_50cm.png 0.0017620 -0.0243694 0.0181543
-85.675872_30.19359_50cm.png -0.0023664 -0.0144659 0.0133579
-85.62241_30.194516_50cm.png 0.0013849 -0.0191328 0.0168048
-85.623452_30.181782_50cm.png 0.0026860 -0.0014053 0.0128891
-85.660282_30.210264_50cm.png 0.0050394 -0.0149298 0.0214365
-85.618774_30.151481_50cm.png 0.0042589 -0.0076163 0.0225126
-85.651232_30.160743_50cm.png -0.0000402 -0.0147866 0.0171214
-85.622787_30.312593_50cm.png 0.0096006 -0.0218728 0.0254480
-85.687417_30.180217_50cm.png 0.0194553 -0.0348465 0.0236022
-85.626911_30.158252_50cm.png 0.0025988 -0.0148120 0.0242667
-85.623132_30.139475_50cm.png 0.0091684 -0.0108473 0.0259158
-85.652285_30.159385_50cm.png 0.0059222 -0.0147069 0.0198868
-85.640064_30.229223_50cm.png 0.0084252 -0.0240197 0.0179215
-85.648445_30.154335_50cm.png 0.0017481 -0.0069258 0.0254704
-85.650546_30.218966_50cm.png -0.0025215 -0.0305614 0.0140358
-85.61678_30.156154_50cm.png 0.0100547 -0.0093145 0.0255407
-85.636151_30.168256_50cm.png 0.0092703 -0.0017174 0.0250746
-85.660701_30.167549_50cm.png -0.0019410 -0.0290412 0.0201448
-85.657394_30.251122_50cm.png 0.0091550 -0.0253564 0.0089023
-85.653231_30.199036_50cm.png 0.0179377 -0.0195680 0.0257512
-85.621403_30.180525_50cm.png 0.0056322 -0.0242035 0.0103562
-85.641869_30.229392_50cm.png -0.0039413 -0.0116959 0.0133055
-85.632292_30.156247_50cm.png 0.0035915 -0.0020641 0.0181051
-85.613071_30.100932_50cm.png 0.0144957 0.0000974 0.0322883
-85.638237_30.092753_50cm.png 0.0138977 -0.0096617 0.0292178
-85.622655_30.139717_50cm.png 0.0121725 -0.0141014 0.0328734
-85.627198_30.185902_50cm.png -0.0015796 -0.0090272 0.0229190
-85.656931_30.203432_50cm.png 0.0079186 -0.0196297 0.0328835
-85.663252_30.167093_50cm.png -0.0094473 -0.0188515 0.0186425
-85.643667_30.150711_50cm.png 0.0118889 -0.0189365 0.0176554
-85.636354_30.169066_50cm.png 0.0172034 -0.0155759 0.0242382
-85.655231_30.202561_50cm.png 0.0135398 -0.0071112 0.0267832
-85.63729_30.231705_50cm.png 0.0089773 -0.0379130 0.0224344
-85.660933_30.2523_50cm.png 0.0035197 -0.0166838 0.0134053
-85.667447_30.208255_50cm.png 0.0132548 -0.0181750 0.0291887
-85.612786_30.149592_50cm.png 0.0156033 -0.0065871 0.0253061
-85.627948_30.164815_50cm.png 0.0133079 -0.0130621 0.0193040
-85.685645_30.194252_50cm.png 0.0094636 -0.0062033 0.0323382
-85.638369_30.163799_50cm.png 0.0100557 -0.0046097 0.0253064
-85.617674_30.147527_50cm.png 0.0188631 -0.0078956 0.0299724
-85.704302_30.18015_50cm.png 0.0097646 -0.0220299 0.0250142
-85.682485_30.192494_50cm.png 0.0031539 -0.0224026 0.0125919
-85.631383_30.222871_50cm.png 0.0012456 -0.0063790 0.0422780
-85.656266_30.156359_50cm.png 0.0039326 0.0023791 0.0179854
-85.642029_30.286607_50cm.png 0.0256927 -0.0050372 0.0280482
-85.650572_30.106946_50cm.png 0.0139037 -0.0223290 0.0237831
-85.655906_30.224179_50cm.png 0.0062575 -0.0180537 0.0227319
-85.656399_30.169159_50cm.png -0.0000281 -0.0144936 0.0166569
-85.622529_30.319085_50cm.png 0.0149177 -0.0086225 0.0318439
-85.667042_30.201564_50cm.png 0.0000556 -0.0254947 0.0133566
-85.616955_30.150709_50cm.png 0.0059657 -0.0126196 0.0160898
-85.647291_30.14959_50cm.png 0.0008247 -0.0016988 0.0193499
-85.633713_30.239677_50cm.png -0.0002501 -0.0183820 0.0296143
-85.695245_30.186044_50cm.png 0.0069415 -0.0113879 0.0227190
-85.642386_30.227076_50cm.png -0.0057763 -0.0219416 0.0204347
-85.626821_30.220227_50cm.png 0.0085798 -0.0217207 0.0208700
-85.631913_30.162522_50cm.png 0.0065240 -0.0080602 0.0279360
-85.616648_30.150562_50cm.png 0.0047508 -0.0141030 0.0176033
-85.636317_30.16671_50cm.png 0.0093559 -0.0113700 0.0212441
-85.621357_30.177426_50cm.png 0.0020768 -0.0145127 0.0174043
-85.638789_30.163374_50cm.png 0.0068898 -0.0025651 0.0265344
-85.678092_30.189013_50cm.png 0.0098377 -0.0175804 0.0205934
-85.63166_30.28527_50cm.png -0.0037220 -0.0260088 0.0274020
-85.648015_30.154895_50cm.png 0.0067258 -0.0188376 0.0196773
-85.699565_30.181449_50cm.png 0.0059054 -0.0232713 0.0193934
-85.633734_30.163465_50cm.png -0.0006253 -0.0105464 0.0204094
-85.704393_30.185586_50cm.png 0.0156137 -0.0058434 0.0129287
-85.623266_30.180675_50cm.png 0.0009105 0.0016249 0.0209055
-85.775158_30.160207_50cm.png 0.0103102 -0.0103355 0.0199199
-85.626495_30.158288_50cm.png 0.0029853 -0.0049378 0.0249164
-85.611554_30.162587_50cm.png 0.0049270 -0.0037428 0.0284953
-85.647519_30.223617_50cm.png 0.0025589 -0.0194498 0.0199796
-85.642361_30.209987_50cm.png 0.0018749 -0.0204859 0.0292815
-85.647006_30.147794_50cm.png 0.0115446 -0.0108911 0.0141049
-85.617633_30.151368_50cm.png -0.0040999 -0.0084680 0.0217415
-85.632632_30.163015_50cm.png 0.0000910 -0.0163494 0.0174972
-85.622194_30.164662_50cm.png 0.0151691 -0.0073433 0.0312764
-85.62811_30.156264_50cm.png 0.0047253 -0.0121788 0.0285279
-85.657923_30.188976_50cm.png 0.0013960 -0.0287567 0.0141660
-85.627341_30.205323_50cm.png 0.0206472 -0.0184870 0.0224933
-85.692356_30.164668_50cm.png 0.0212220 -0.0148019 0.0118527
-85.655648_30.274333_50cm.png 0.0182915 -0.0165623 0.0300082
-85.661117_30.167571_50cm.png -0.0073652 -0.0198066 0.0218899
-85.663213_30.168991_50cm.png -0.0062271 -0.0066767 0.0120922
-85.612758_30.164247_50cm.png 0.0115487 -0.0075655 0.0167718
-85.628494_30.18637_50cm.png 0.0182555 -0.0092680 0.0272743
-85.627251_30.159096_50cm.png 0.0153404 -0.0080291 0.0251803
-85.651446_30.10478_50cm.png 0.0132678 -0.0103541 0.0091899
-85.637186_30.144623_50cm.png 0.0112323 -0.0154825 0.0317890
-85.647644_30.140291_50cm.png 0.0072009 0.0047114 0.0237261
-85.615113_30.231589_50cm.png 0.0119647 -0.0103840 0.0190088
-85.636561_30.144311_50cm.png 0.0018790 -0.0220978 0.0284881
-85.652219_30.164858_50cm.png 0.0052749 -0.0122900 0.0212828
-85.638105_30.156244_50cm.png 0.0023734 -0.0094706 0.0196938
-85.648464_30.150192_50cm.png 0.0100613 -0.0045605 0.0249565
-85.655771_30.206113_50cm.png 0.0099745 -0.0205833 0.0093127
-85.622452_30.139361_50cm.png 0.0158704 -0.0226060 0.0227261
-85.653392_30.172826_50cm.png 0.0135597 -0.0182978 0.0206116
-85.685943_30.186293_50cm.png 0.0185964 -0.0118512 0.0315577
-85.616458_30.150965_50cm.png 0.0075329 -0.0166239 0.0182502
-85.611953_30.306616_50cm.png 0.0125238 -0.0213690 0.0344096
-85.633115_30.28542_50cm.png 0.0109899 -0.0236113 0.0368565
-85.621065_30.179657_50cm.png 0.0056326 -0.0208779 0.0149629
-85.642629_30.16856_50cm.png -0.0018815 -0.0170697 0.0270016
-85.680714_30.188819_50cm.png -0.0101806 -0.0030701 0.0105281
-85.64353_30.150783_50cm.png 0.0113022 -0.0238823 0.0133409
-85.61341_30.243503_50cm.png 0.0041478 -0.0266080 0.0129995
-85.774904_30.173371_50cm.png 0.0078203 -0.0218781 0.0195539
-85.632111_30.152032_50cm.png 0.0038660 -0.0073628 0.0200045
-85.64002_30.233052_50cm.png 0.0051972 -0.0254699 0.0211918
-85.640702_30.09409_50cm.png 0.0299457 -0.0368934 0.0207780
-85.652332_30.243248_50cm.png 0.0078968 -0.0169349 0.0214790
-85.755462_30.194132_50cm.png 0.0070299 -0.0281493 0.0278627
-85.637535_30.102067_50cm.png 0.0189509 -0.0152620 0.0158665
-85.616939_30.150881_50cm.png 0.0022983 -0.0159901 0.0157346
-85.720759_30.190602_50cm.png 0.0207191 -0.0221318 0.0285713
-85.622436_30.312275_50cm.png 0.0141519 -0.0130041 0.0276382
-85.617659_30.15571_50cm.png 0.0031745 -0.0121257 0.0285683
-85.633042_30.162896_50cm.png 0.0010918 -0.0077114 0.0216244
-85.627666_30.207044_50cm.png 0.0162029 -0.0193398 0.0127851
-85.652936_30.158847_50cm.png 0.0125973 -0.0181973 0.0201069
-85.615557_30.315491_50cm.png 0.0119092 -0.0100179 0.0273951
-85.615161_30.315328_50cm.png 0.0113326 -0.0074834 0.0348160
-85.703908_30.185076_50cm.png 0.0082135 -0.0109159 0.0099920
-85.638073_30.100318_50cm.png 0.0142328 -0.0112600 0.0179830
-85.681495_30.193618_50cm.png 0.0095536 -0.0151601 0.0134341
-85.655152_30.207997_50cm.png 0.0255177 -0.0155230 0.0267626
-85.616777_30.166915_50cm.png 0.0014286 -0.0162820 0.0191291
-85.676772_30.193279_50cm.png 0.0076780 -0.0203541 0.0231316
-85.628108_30.15467_50cm.png 0.0030083 -0.0069252 0.0261216
-85.723766_30.184302_50cm.png 0.0013258 -0.0084507 0.0222141
-85.616884_30.153887_50cm.png -0.0025406 -0.0200423 0.0131106
-85.663482_30.167129_50cm.png -0.0086672 -0.0147927 0.0208184
-85.631979_30.149969_50cm.png 0.0094112 -0.0200280 0.0276601
-85.626696_30.206495_50cm.png 0.0177875 -0.0253143 0.0182925
-85.641959_30.1903_50cm.png 0.0115059 -0.0237612 0.0244749
-85.626524_30.155154_50cm.png 0.0104366 -0.0076257 0.0190796
-85.686219_30.166547_50cm.png 0.0070952 -0.0079994 0.0266975
-85.615067_30.232175_50cm.png 0.0072981 -0.0158377 0.0237886
